"Сведения о страховых премиях по договорам страхования, заключенным при участии посредников",Unnamed: 1,Unnamed: 2,Unnamed: 3,Unnamed: 4,Unnamed: 5,Unnamed: 6,Unnamed: 7,Unnamed: 8,Unnamed: 9,Unnamed: 10,Unnamed: 11,Unnamed: 12,Unnamed: 13,Unnamed: 14,Unnamed: 15,Unnamed: 16,Unnamed: 17,Unnamed: 18,Unnamed: 19,Unnamed: 20,Unnamed: 21,Unnamed: 22,Unnamed: 23,Unnamed: 24,Unnamed: 25,Unnamed: 26,Unnamed: 27,Unnamed: 28,Unnamed: 29,Unnamed: 30,Unnamed: 31,Unnamed: 32,Unnamed: 33,Unnamed: 34,Unnamed: 35,Unnamed: 36,Unnamed: 37,Unnamed: 38,Unnamed: 39,Unnamed: 40,Unnamed: 41,Unnamed: 42,Unnamed: 43,Unnamed: 44
,,,,,,,,,,,,,,,,,,,,,,,,,,,,,,,,,,,,,,,,,,,,
Дата составления отчета: 17.02.2017,,,,,,,,,,,,,,,,,,,,,,,,,,,,,,,,,,,,,,,,,,,,
Отчетный период: 2016 г.,,,,,,,,,,,,,,,,,,,,,,,,,,,,,,,,,,,,,,,,,,,,тыс. руб.
№ п\п,Рег №,Наименование,Город,Добровольное и обязательное страхование (кроме обязательного медицинского страхования) - всего,,,,,,,,,,,,,,,,,,,,,,,,,,,,,,,,,,,,,,,,
,,,,Всего,I. Добровольное страхование,,,,,,,,,,,,,,,,,,,,,,,,,,,,,,,,II. Обязательное страхование (кроме обязательного медицинского страхования),,,,,,,
,,,,,Страхование жизни,,,,"Страхование иное, чем страхование жизни",,,,,,,,,,,,,,,,,,,,,,,,,,,,Обязательное личное страхование,,,Обязательное имущественное страхование,,,,
,,,,,Всего,в том числе,,,Всего,в том числе,,,,,,,,,,,,,,,,,,,,,,,,,,,Всего,в том числе,,Всего,в том числе,,,
,,,,,,страхование жизни (кроме пенсионного страхования)-всего,из него,пенсионное страхование,,личное страхование (кроме страхования жизни),,,,,Имущественное страхование,,,,,,,,,,,,,,,,,,,,,,,государственное страхование жизни и здоровья военнослужащих и приравненных к ним в обязательном государственном страховании лиц,"иные виды обязательного личного страхования, предусмотренные федеральными законами",,гражданской ответственности владельцев транспортных средств,гражданской ответственности владельца опасного объекта за причинение вреда в результате аварии на опасном объекте,"гражданской ответственности перевозчика за причинение вреда жизни, здоровью, имуществу пассажиров","иные виды обязательного имущественного страхования, предусмотренные федеральными законами"
,,,,,,,страхование жизни заемщика,,,Всего,в том числе,,,,Всего,в том числе,,,,,,,,,,,,,,,,,,,,,,,,,,,,
,,,,,,,,,,,от несчастных случаев и болезней,из него,,медицинское страхование,,Страхование имущества,,,,,,,,,,Страхование гражданской ответственности,,,,,,,,,страхование предпринимательских рисков,страхование финансовых рисков,,,,,,,,
,,,,,,,,,,,,"пациентов, участвующих в клинических исследованиях лекарственного препарата для медицинского применения",работников налоговых органов,,,Всего,в том числе,,,,,,,,,Всего,в том числе,,,,,,,,,,,,,,,,,
,,,,,,,,,,,,,,,,,"средств наземного транспорта 
(кроме средств железнодорожного транспорта)",средств железнодорожного транспорта,средств воздушного транспорта,средств водного транспорта,грузов,сельско-хозяйственное страхование,из него,прочего имущества юридических лиц,прочего имущества граждан,,"владельцев средств наземного транспорта 
(кроме средств железнодорожного транспорта)","владельцев 
средств железнодорожного транспорта","владельцев 
средств 
воздушного транспорта","владельцев 
средств водного транспорта","организаций, эксплуатирующих опасные объекты","за причинение вреда вследствие недостатков товаров, работ, услуг",за причинение вреда третьим лицам,за неисполнение или ненадлежащее исполнение обязательств по договору,,,,,,,,,,
,,,,,,,,,,,,,,,,,,,,,,,"страхование, осуществляемое с государственной поддержкой",,,,,,,,,,,,,,,,,,,,,
1,2,3,4,5,6,7,8,9,10,11,12,13,14,15,16,17,18,19,20,21,22,23,24,25,26,27,28,29,30,31,32,33,34,35,36,37,38,39,40,41,42,43,44,45
,,ИТОГО:,,827862699,209588197,208835693,35460242,752504,438445969,139844251,84111908,36313,0,55732343,298601718,240558252,142045650,757954,1938178,2338250,10439876,3529068,2799619,32134403,47374873,36212589,5418845,2348,957873,1387712,598362,1454070,10555145,15838234,3529157,18301720,0,0,0,179828533,176254092,1524852,2049589,0
1,2496,  АБСОЛЮТ СТРАХОВАНИЕ,Москва,1848199,0,0,0,0,1832692,568822,197831,3510,0,370991,1263870,1071964,187409,575,71,158507,329155,0,0,307475,88772,169323,4538,895,0,23071,0,99654,41134,31,9405,13178,0,0,0,15507,11376,1073,3058,0
2,796,  АВАНГАРД-ГАРАНТ,Москва,0,0,0,0,0,0,0,0,0,0,0,0,0,0,0,0,0,0,0,0,0,0,0,0,0,0,0,0,0,0,0,0,0,0,0,0,0,0,0,0,0
3,3290,  АДВАНТ-СТРАХОВАНИЕ,Санкт-Петербург,112721,0,0,0,0,112721,61107,7424,0,0,53683,51614,44262,37115,0,0,239,1800,0,0,3993,1115,2741,1769,0,0,32,0,75,850,15,0,4611,0,0,0,0,0,0,0,0
4,585,  АДОНИС,Пермь,535415,0,0,0,0,230318,56957,31275,0,0,25682,173361,171999,72817,0,0,130,1186,1486,0,32486,63894,1243,848,0,0,0,0,0,395,0,0,119,0,0,0,305097,295555,2686,6856,0
5,3947,  АИГ СТРАХОВАЯ КОМПАНИЯ,Москва,876249,0,0,0,0,874388,2376,2376,0,0,0,872012,453293,0,0,0,0,79430,0,0,360155,13708,188936,0,0,0,0,0,9090,179846,0,0,229783,0,0,0,1861,0,1861,0,0
6,4210,  АИЖК,Москва,0,0,0,0,0,0,0,0,0,0,0,0,0,0,0,0,0,0,0,0,0,0,0,0,0,0,0,0,0,0,0,0,0,0,0,0,0,0,0,0,0
7,3867,  АК БАРС СТРАХОВАНИЕ,Казань,356186,0,0,0,0,356186,121075,120704,0,0,371,235111,226420,30412,0,21423,725,216,16056,0,27385,130203,8669,0,0,4015,0,1,2101,2552,0,0,22,0,0,0,0,0,0,0,0
8,3943,  АК БАРС-МЕД,Казань,71144,0,0,0,0,71144,71144,0,0,0,71144,0,0,0,0,0,0,0,0,0,0,0,0,0,0,0,0,0,0,0,0,0,0,0,0,0,0,0,0,0,0
9,3572,  АКЦЕПТ,Люберцы,1564020,0,0,0,0,1564020,301963,301963,0,0,0,1262057,1262057,1262057,0,0,0,0,0,0,0,0,0,0,0,0,0,0,0,0,0,0,0,0,0,0,0,0,0,0,0
10,3859,  АЛЛЕГА,Симферополь,0,0,0,0,0,0,0,0,0,0,0,0,0,0,0,0,0,0,0,0,0,0,0,0,0,0,0,0,0,0,0,0,0,0,0,0,0,0,0,0,0
11,2239,  АЛЬФАСТРАХОВАНИЕ,Москва,45541441,0,0,0,0,34630128,8489441,5124703,0,0,3364738,26140687,20313008,11727841,83610,641642,255911,275073,743821,718314,3168787,3416323,2040418,820332,0,354376,70114,76998,43996,661828,12774,844750,2942511,0,0,0,10911313,10743934,112332,55047,0
12,193,  АЛЬФАСТРАХОВАНИЕ - ОМС,Москва,0,0,0,0,0,0,0,0,0,0,0,0,0,0,0,0,0,0,0,0,0,0,0,0,0,0,0,0,0,0,0,0,0,0,0,0,0,0,0,0,0
13,3447,  АЛЬФАСТРАХОВАНИЕ-ЖИЗНЬ,Москва,30567296,30463565,30463516,0,49,103731,103731,44802,0,0,58929,0,0,0,0,0,0,0,0,0,0,0,0,0,0,0,0,0,0,0,0,0,0,0,0,0,0,0,0,0,0
14,290,  АЛЬЯНС,Москва,3766195,66,66,0,0,3735510,361900,326171,13508,0,35729,3373610,1828815,87708,20279,147692,81543,731331,0,0,697003,63259,912219,10043,0,127507,21562,35264,92101,625742,0,185343,447233,0,0,0,30619,6117,11680,12822,0
15,3828,  АЛЬЯНС ЖИЗНЬ,Москва,11860206,1963256,1962521,68579,735,9896950,9896950,227487,0,0,9669463,0,0,0,0,0,0,0,0,0,0,0,0,0,0,0,0,0,0,0,0,0,0,0,0,0,0,0,0,0,0
16,2699,  АЛЬЯНС-МЕД,Сызрань,0,0,0,0,0,0,0,0,0,0,0,0,0,0,0,0,0,0,0,0,0,0,0,0,0,0,0,0,0,0,0,0,0,0,0,0,0,0,0,0,0
17,436,  АМТ СТРАХОВАНИЕ,Москва,126008,0,0,0,0,126008,95,95,0,0,0,125913,44925,0,0,0,44664,261,0,0,0,0,80988,0,0,0,80969,0,19,0,0,0,0,0,0,0,0,0,0,0,0
18,66,  АНГАРА,Братск,339265,0,0,0,0,44070,28396,27495,0,0,901,15674,15434,8551,0,0,0,0,0,0,1239,5644,230,4,0,0,0,0,0,226,0,0,10,0,0,0,295195,295195,0,0,0
19,2982,  АНДРОМЕДА,Москва,93567,0,0,0,0,93567,0,0,0,0,0,93567,91148,0,0,0,0,0,0,0,91148,0,2419,0,0,0,0,0,0,2419,0,0,0,0,0,0,0,0,0,0,0
20,1858,  АРМЕЕЦ,Москва,1676711,0,0,0,0,386451,145101,106624,0,0,38477,241350,205280,110683,0,0,75,1140,0,0,46933,46449,36018,48,0,0,0,3,5011,30956,0,0,52,0,0,0,1290260,1290260,0,0,0
21,4324,  АРСЕНАЛ МЕДИЦИНСКОЕ СТРАХОВАНИЕ,Москва,0,0,0,0,0,0,0,0,0,0,0,0,0,0,0,0,0,0,0,0,0,0,0,0,0,0,0,0,0,0,0,0,0,0,0,0,0,0,0,0,0
22,3193,  АРСЕНАЛЪ,Москва,1460231,0,0,0,0,1460231,121185,19972,0,0,101213,1339046,169690,0,0,127,12698,78177,0,0,65977,12711,1151629,0,0,234,68519,5,0,969372,113499,0,17727,0,0,0,0,0,0,0,0
23,2489,  АСКО,Набережные Челны,2245971,0,0,0,0,954512,593694,261940,0,0,331754,360818,344836,119566,0,0,20,2668,103310,100563,30166,89106,12240,842,0,0,287,17,7200,3546,348,0,3742,0,0,0,1291459,1265950,4571,20938,0
24,3999,  АСКО-ЖИЗНЬ,Набережные Челны,228051,227048,227048,0,0,1003,1003,1003,0,0,0,0,0,0,0,0,0,0,0,0,0,0,0,0,0,0,0,0,0,0,0,0,0,0,0,0,0,0,0,0,0
25,1894,  АСКО-ЗАБОТА,Омск,0,0,0,0,0,0,0,0,0,0,0,0,0,0,0,0,0,0,0,0,0,0,0,0,0,0,0,0,0,0,0,0,0,0,0,0,0,0,0,0,0
26,278,  АСКОМЕД,Самара,48146,0,0,0,0,48146,48146,0,0,0,48146,0,0,0,0,0,0,0,0,0,0,0,0,0,0,0,0,0,0,0,0,0,0,0,0,0,0,0,0,0,0
27,3767,  АСКОР,Москва,17576,0,0,0,0,17576,0,0,0,0,0,17576,17052,17052,0,0,0,0,0,0,0,0,524,524,0,0,0,0,0,0,0,0,0,0,0,0,0,0,0,0,0
28,2144,  АСКО-ЦЕНТР,Курск,171046,0,0,0,0,171046,95262,55537,0,0,39725,75784,74986,65064,0,0,0,294,294,0,7130,2204,798,0,0,0,0,0,0,798,0,0,0,0,0,0,0,0,0,0,0
29,1372,  АСТРАМЕД-МС,Екатеринбург,0,0,0,0,0,0,0,0,0,0,0,0,0,0,0,0,0,0,0,0,0,0,0,0,0,0,0,0,0,0,0,0,0,0,0,0,0,0,0,0,0
30,758,  АСТРА-МЕТАЛЛ,Магнитогорск,97366,0,0,0,0,97366,97366,0,0,0,97366,0,0,0,0,0,0,0,0,0,0,0,0,0,0,0,0,0,0,0,0,0,0,0,0,0,0,0,0,0,0
31,2619,  АСТРО-ВОЛГА,Самара,493056,0,0,0,0,104547,24618,12059,0,0,12559,79929,74265,56225,0,0,1376,5216,5,0,4594,6849,5664,83,0,0,0,0,166,5401,14,0,0,0,0,0,388509,388509,0,0,0
32,2684,  АСТРО-ВОЛГА-МЕД,Самара,6971,0,0,0,0,6971,6971,0,0,0,6971,0,0,0,0,0,0,0,0,0,0,0,0,0,0,0,0,0,0,0,0,0,0,0,0,0,0,0,0,0,0
33,4334,  АТРАДИУС РУС КРЕДИТНОЕ СТРАХОВАНИЕ,Москва,213161,0,0,0,0,213161,0,0,0,0,0,213161,0,0,0,0,0,0,0,0,0,0,0,0,0,0,0,0,0,0,0,213161,0,0,0,0,0,0,0,0,0
34,518,  БАСК,Белово,207898,0,0,0,0,18828,14043,9219,0,0,4824,4785,4667,2922,0,0,0,30,0,0,57,1658,118,0,0,0,0,0,0,118,0,0,0,0,0,0,189070,189034,36,0,0
35,3487,  БИН СТРАХОВАНИЕ,Москва,1041652,0,0,0,0,900229,546121,460668,0,0,85453,354108,208014,19721,53,205,103,18049,2,0,78205,91676,96701,93,0,6707,0,7,20872,58224,10798,81,49312,0,0,0,141423,76367,12037,53019,0
36,3991,  БЛАГОСОСТОЯНИЕ,Москва,1588813,73849,69752,0,4097,1514964,1514964,1411072,0,0,103892,0,0,0,0,0,0,0,0,0,0,0,0,0,0,0,0,0,0,0,0,0,0,0,0,0,0,0,0,0,0
37,1207,  БЛАГОСОСТОЯНИЕ ОБЩЕЕ СТРАХОВАНИЕ,Москва,2845739,0,0,0,0,2845739,1379763,1257785,0,0,121978,1465976,440903,0,0,0,0,0,0,0,0,440903,107246,0,0,0,0,0,0,107246,0,0,917827,0,0,0,0,0,0,0,0
38,3064,  БОРОВИЦКОЕ СТРАХОВОЕ ОБЩЕСТВО,Москва,36520,0,0,0,0,35790,834,336,0,0,498,34956,34477,1903,0,0,0,31414,0,0,1095,65,438,0,0,0,0,0,165,273,0,0,41,0,0,0,730,730,0,0,0
39,3799,  БРИТАНСКИЙ СТРАХОВОЙ ДОМ,Москва,1242338,0,0,0,0,1242338,95926,1480,0,0,94446,1146412,757979,39942,0,0,0,157986,0,0,555780,4271,387084,371,0,0,0,0,121,386592,0,1015,334,0,0,0,0,0,0,0,0
40,3245,  ВЕРНА,Краснодар,555066,0,0,0,0,366894,34026,20533,0,0,13493,332868,83170,15490,0,0,260,85,36402,28852,21093,9840,249413,303,0,0,0,0,3044,3792,242274,0,285,0,0,0,188172,188172,0,0,0
41,4170,  ВИС,Махачкала,0,0,0,0,0,0,0,0,0,0,0,0,0,0,0,0,0,0,0,0,0,0,0,0,0,0,0,0,0,0,0,0,0,0,0,0,0,0,0,0,0
42,3561,  ВИТАЛ-ПОЛИС,Москва,63432,0,0,0,0,63432,62409,473,0,0,61936,1023,1023,829,0,0,0,0,0,0,61,133,0,0,0,0,0,0,0,0,0,0,0,0,0,0,0,0,0,0,0
43,3826,  ВИТА-СТРАХОВАНИЕ,Сургут,111422,109932,109852,56,80,1490,1490,1490,0,0,0,0,0,0,0,0,0,0,0,0,0,0,0,0,0,0,0,0,0,0,0,0,0,0,0,0,0,0,0,0,0
44,1440,  ВОЗРОЖДЕНИЕ-КРЕДИТ,Красноярск,16189,0,0,0,0,16189,8484,8484,0,0,0,7705,7432,4363,0,0,0,0,0,0,177,2892,273,30,0,5,0,0,0,238,0,0,0,0,0,0,0,0,0,0,0
45,3570,  ВОСТОЧНО-СТРАХОВОЙ АЛЬЯНС,Владивосток,604,0,0,0,0,604,604,0,0,0,604,0,0,0,0,0,0,0,0,0,0,0,0,0,0,0,0,0,0,0,0,0,0,0,0,0,0,0,0,0,0
46,433,  ВОСТСИБЖАСО,Иркутск,143323,0,0,0,0,143323,82214,33683,0,0,48531,61109,60390,12294,0,0,0,2384,0,0,4350,41362,709,18,0,0,0,0,0,691,0,0,10,0,0,0,0,0,0,0,0
47,621,  ВСК,Москва,47749827,0,0,0,0,29108378,7804574,4328941,0,0,3475633,21303804,18136231,12468038,12360,470648,0,551052,84569,11316,2372650,2176914,2593469,876153,166,25043,4596,100478,158140,509387,919506,21211,552893,0,0,0,18641449,18069255,295629,276565,0
48,3866,  ВСК-ЛИНИЯ ЖИЗНИ,Москва,124032,124032,121624,0,2408,0,0,0,0,0,0,0,0,0,0,0,0,0,0,0,0,0,0,0,0,0,0,0,0,0,0,0,0,0,0,0,0,0,0,0,0
49,3978,  ВСК-МИЛОСЕРДИЕ,Москва,195,0,0,0,0,195,195,0,0,0,195,0,0,0,0,0,0,0,0,0,0,0,0,0,0,0,0,0,0,0,0,0,0,0,0,0,0,0,0,0,0
50,257,  ВТБ МЕДИЦИНСКОЕ СТРАХОВАНИЕ,Москва,0,0,0,0,0,0,0,0,0,0,0,0,0,0,0,0,0,0,0,0,0,0,0,0,0,0,0,0,0,0,0,0,0,0,0,0,0,0,0,0,0
51,3398,  ВТБ СТРАХОВАНИЕ,Москва,46073006,0,0,0,0,45763360,27571752,25895770,0,0,1675982,18191608,9253741,126990,15393,92266,84299,225704,0,0,2449759,6259330,917108,1807,0,10717,526,3187,153967,742528,4376,755,8020004,0,0,0,309646,217686,52044,39916,0
52,3995,  ВТБ СТРАХОВАНИЕ ЖИЗНИ,Москва,13259515,13259492,13259492,0,0,23,23,23,0,0,0,0,0,0,0,0,0,0,0,0,0,0,0,0,0,0,0,0,0,0,0,0,0,0,0,0,0,0,0,0,0
53,3780,  ВЫРУЧИМ!,Екатеринбург,71772,0,0,0,0,71772,2776,2520,0,0,256,68996,63725,57696,0,0,0,306,0,0,4502,1221,2772,13,0,0,0,0,129,2630,0,0,2499,0,0,0,0,0,0,0,0
54,630,  ГАЙДЕ,Санкт-Петербург,1800228,0,0,0,0,1191994,208702,88401,0,0,120301,983292,955887,859484,0,0,783,36203,196,0,25209,34012,20070,7350,0,0,0,0,462,1815,10443,0,7335,0,0,0,608234,566804,346,41084,0
55,3908,  ГАЛАКТИКА,Москва,429893,0,0,0,0,429893,86187,71504,0,0,14683,343706,343706,21518,0,0,0,168634,0,0,153554,0,0,0,0,0,0,0,0,0,0,0,0,0,0,0,0,0,0,0,0
56,4169,  ГАРАНТИЯ ИНВЕСТИЦИЙ,Москва,0,0,0,0,0,0,0,0,0,0,0,0,0,0,0,0,0,0,0,0,0,0,0,0,0,0,0,0,0,0,0,0,0,0,0,0,0,0,0,0,0
57,397,  ГЕЛИОС,Москва,3082236,0,0,0,0,2253278,1112029,938282,0,0,173747,1141249,881868,390608,62,930,9974,23133,0,0,213980,243181,183202,17079,0,150,932,480,517,157549,6495,0,76179,0,0,0,828958,824702,4256,0,0
58,2397,  ГЕОПОЛИС,Москва,368714,0,0,0,0,331839,4022,45,0,0,3977,327817,325696,301582,0,0,0,0,0,0,6702,17412,2121,2059,0,0,0,0,0,62,0,0,0,0,0,0,36875,36875,0,0,0
59,448,  ГЕОПОЛИС,Москва,29555,0,0,0,0,29555,29555,391,0,0,29164,0,0,0,0,0,0,0,0,0,0,0,0,0,0,0,0,0,0,0,0,0,0,0,0,0,0,0,0,0,0
60,2071,  ГОРОДСКАЯ СТРАХОВАЯ МЕДИЦИНСКАЯ КОМПАНИЯ,Санкт-Петербург,43207,0,0,0,0,43207,43207,0,0,0,43207,0,0,0,0,0,0,0,0,0,0,0,0,0,0,0,0,0,0,0,0,0,0,0,0,0,0,0,0,0,0
61,3678,  ГРАЖДАНСКИЙ СТРАХОВОЙ ДОМ,Москва,5108,0,0,0,0,5108,204,204,0,0,0,4904,4482,4032,0,0,9,413,0,0,28,0,422,0,0,0,102,0,0,320,0,0,0,0,0,0,0,0,0,0,0
62,2042,  ГРАНТА,Казань,208976,0,0,0,0,208976,25533,22516,0,0,3017,183443,152502,145659,0,0,6,1505,0,0,3775,1557,20409,0,0,0,0,5,12971,7433,0,0,10532,0,0,0,0,0,0,0,0
63,1284,  ГРУППА РЕНЕССАНС СТРАХОВАНИЕ,Москва,15700505,0,0,0,0,11251018,3462799,303329,0,0,3159470,7788219,7330103,6013559,616,0,136492,725948,0,0,260604,192884,184859,89966,0,0,1807,365,26086,66565,70,0,273257,0,0,0,4449487,4429633,8625,11229,0
64,1820,  ГУТА-СТРАХОВАНИЕ,Москва,0,0,0,0,0,0,0,0,0,0,0,0,0,0,0,0,0,0,0,0,0,0,0,0,0,0,0,0,0,0,0,0,0,0,0,0,0,0,0,0,0
65,2214,  ДАЛЬАКФЕС,Владивосток,553284,0,0,0,0,115466,8386,8386,0,0,0,107080,104322,54469,0,0,3899,4862,0,0,33558,7534,2322,0,0,0,692,0,0,1630,0,436,0,0,0,0,437818,437818,0,0,0
66,55,  ДАЛЬЖАСО,Хабаровск,263579,0,0,0,0,263579,193302,114267,0,0,79035,70277,59594,7957,0,0,121,45716,0,0,3596,2204,10683,0,0,0,27,0,0,1766,8890,0,0,0,0,0,0,0,0,0,0
67,525,  ДАЛЬ-РОСМЕД,Хабаровск,0,0,0,0,0,0,0,0,0,0,0,0,0,0,0,0,0,0,0,0,0,0,0,0,0,0,0,0,0,0,0,0,0,0,0,0,0,0,0,0,0
68,2027,  ДВАДЦАТЬ ПЕРВЫЙ ВЕК,Санкт-Петербург,520599,0,0,0,0,175870,33019,32890,0,0,129,142851,27385,16699,0,0,0,4244,0,0,2168,4274,115465,114544,0,0,0,0,462,459,0,0,1,0,0,0,344729,344729,0,0,0
69,3870,  ДЕЛО ЖИЗНИ,Москва,374207,328618,328618,0,0,45589,45589,45589,0,0,0,0,0,0,0,0,0,0,0,0,0,0,0,0,0,0,0,0,0,0,0,0,0,0,0,0,0,0,0,0,0
70,1363,  ДИАМАНТ,Москва,11994,0,0,0,0,11994,458,458,0,0,0,11536,10490,10025,0,0,0,41,0,0,136,288,1046,144,0,0,0,0,1,284,617,0,0,0,0,0,0,0,0,0,0
71,206,  ДИАНА,Ангарск,36338,0,0,0,0,36338,15917,5795,0,0,10122,20421,19509,1216,0,0,0,251,0,0,1197,16845,912,0,0,0,0,2,0,910,0,0,0,0,0,0,0,0,0,0,0
72,1412,  Д2  СТРАХОВАНИЕ,Новосибирск,414773,0,0,0,0,414773,116681,50330,0,0,66351,298092,211992,0,0,0,0,16264,0,0,12763,182965,72416,0,0,0,0,0,0,72416,0,0,13684,0,0,0,0,0,0,0,0
73,3954,  ЕВРОИНС,Смоленск,1470810,0,0,0,0,820917,195291,45244,0,0,150047,625626,367984,102057,0,0,0,185326,6654,0,58589,15358,91463,148,0,0,0,0,14468,48038,28809,0,166179,0,0,0,649893,649893,0,0,0
74,990,  ЕВРОПА,Лобня,599459,0,0,0,0,599459,28214,19900,0,0,8314,571245,466350,8118,0,0,0,22888,314179,309352,120534,631,37501,32,0,0,0,210,125,36978,156,0,67394,0,0,0,0,0,0,0,0
75,4009,  ЕРВ ТУРИСТИЧЕСКОЕ СТРАХОВАНИЕ,Москва,577326,0,0,0,0,577326,572608,572608,0,0,0,4718,0,0,0,0,0,0,0,0,0,0,0,0,0,0,0,0,0,0,0,0,4718,0,0,0,0,0,0,0,0
76,4307,  ЕСЕЯ,Казань,0,0,0,0,0,0,0,0,0,0,0,0,0,0,0,0,0,0,0,0,0,0,0,0,0,0,0,0,0,0,0,0,0,0,0,0,0,0,0,0,0
77,263,  ЖАСО,Москва,662906,0,0,0,0,623318,524125,486405,0,0,37720,99193,77745,19792,3051,0,27,27370,0,0,8567,18938,11847,978,0,0,0,11,4867,5991,0,18,9583,0,0,0,39588,33790,1658,4140,0
78,4003,  ЖАСО-ЛАЙФ,Москва,66215,64071,64071,11419,0,2144,2144,2144,0,0,0,0,0,0,0,0,0,0,0,0,0,0,0,0,0,0,0,0,0,0,0,0,0,0,0,0,0,0,0,0,0
79,2447,  ЖЕЛЕЗНОДОРОЖНЫЙ СТРАХОВОЙ ФОНД,Нижний Новгород,72473,0,0,0,0,72473,27325,26778,0,0,547,45148,44940,946,6414,0,0,33205,0,0,3191,1184,208,0,0,0,0,0,0,208,0,0,0,0,0,0,0,0,0,0,0
80,2456,  ЗАБАЙКАЛМЕДСТРАХ,Чита,0,0,0,0,0,0,0,0,0,0,0,0,0,0,0,0,0,0,0,0,0,0,0,0,0,0,0,0,0,0,0,0,0,0,0,0,0,0,0,0,0
81,1947,  ЗАПОЛЯРЬЕ,Салехард,0,0,0,0,0,0,0,0,0,0,0,0,0,0,0,0,0,0,0,0,0,0,0,0,0,0,0,0,0,0,0,0,0,0,0,0,0,0,0,0,0
82,1083,  ЗЕТТА СТРАХОВАНИЕ,Москва,5364389,0,0,0,0,3976854,662710,298437,0,0,364273,3314144,3088001,2036809,29,0,0,32321,7868,0,178644,832330,184841,5807,0,0,0,0,1854,176972,208,76,41226,0,0,0,1387535,1327446,21219,38870,0
83,3616,  ИНВЕСТ-ПОЛИС,Королев,0,0,0,0,0,0,0,0,0,0,0,0,0,0,0,0,0,0,0,0,0,0,0,0,0,0,0,0,0,0,0,0,0,0,0,0,0,0,0,0,0
84,2401,  ИНВЕСТСТРАХ,Москва,137476,0,0,0,0,137476,57014,11774,0,0,45240,80462,15817,595,0,0,0,94,243,0,7305,7580,60997,4,0,0,0,0,4991,55651,351,0,3648,0,0,0,0,0,0,0,0
85,425,  ИНГВАР,Москва,121812,0,0,0,0,121812,0,0,0,0,0,121812,121812,0,0,0,0,121812,0,0,0,0,0,0,0,0,0,0,0,0,0,0,0,0,0,0,0,0,0,0,0
86,928,  ИНГОССТРАХ,Москва,65110878,0,0,0,0,39643670,5543008,1096065,0,0,4446943,34100662,30997041,25494576,32627,104316,702270,538745,23335,0,2831498,1269674,2633017,662021,0,23527,691451,113415,125176,1016411,1016,45023,425581,0,0,0,25467208,25045289,166636,255283,0
87,4189,  ИНГОССТРАХ ОНДД КРЕДИТНОЕ СТРАХОВАНИЕ,Москва,626784,0,0,0,0,626784,0,0,0,0,0,626784,0,0,0,0,0,0,0,0,0,0,0,0,0,0,0,0,0,0,0,626784,0,0,0,0,0,0,0,0,0
88,3823,  ИНГОССТРАХ-ЖИЗНЬ,Москва,6313826,5767976,5687534,0,80442,545850,545850,535229,0,0,10621,0,0,0,0,0,0,0,0,0,0,0,0,0,0,0,0,0,0,0,0,0,0,0,0,0,0,0,0,0,0
89,3837,  ИНГОССТРАХ-М,Москва,0,0,0,0,0,0,0,0,0,0,0,0,0,0,0,0,0,0,0,0,0,0,0,0,0,0,0,0,0,0,0,0,0,0,0,0,0,0,0,0,0
90,2169,  ИНЕРТЕК,Санкт-Петербург,4528,0,0,0,0,4528,133,133,0,0,0,4395,4395,176,0,0,0,4219,0,0,0,0,0,0,0,0,0,0,0,0,0,0,0,0,0,0,0,0,0,0,0
91,2031,  ИНКО-МЕД,Воронеж,0,0,0,0,0,0,0,0,0,0,0,0,0,0,0,0,0,0,0,0,0,0,0,0,0,0,0,0,0,0,0,0,0,0,0,0,0,0,0,0,0
92,870,  ИНТАЧ СТРАХОВАНИЕ,Москва,734184,0,0,0,0,677443,394191,389668,0,0,4523,283252,274326,262898,0,0,0,0,0,0,0,11428,3488,1458,0,0,0,0,0,2030,0,0,5438,0,0,0,56741,56741,0,0,0
93,902,  КАЙРОС,Петропавловск-Камчатский,0,0,0,0,0,0,0,0,0,0,0,0,0,0,0,0,0,0,0,0,0,0,0,0,0,0,0,0,0,0,0,0,0,0,0,0,0,0,0,0,0
94,3175,  КАПИТАЛ ПЕРЕСТРАХОВАНИЕ,Москва,0,0,0,0,0,0,0,0,0,0,0,0,0,0,0,0,0,0,0,0,0,0,0,0,0,0,0,0,0,0,0,0,0,0,0,0,0,0,0,0,0
95,1298,  КАПИТАЛ СТРАХОВАНИЕ,Когалым,145093,0,0,0,0,112027,1300,938,0,0,362,110727,108684,78502,0,0,0,5254,0,0,24928,0,2037,1688,0,0,0,0,0,349,0,6,0,0,0,0,33066,25130,7347,589,0
96,1336,  КАПИТАЛ-ПОЛИС,Санкт-Петербург,1105209,0,0,0,0,1105209,761366,19343,0,0,742023,343843,336691,231591,0,0,0,101625,0,0,2966,509,3192,839,0,0,0,45,1465,843,0,0,3960,0,0,0,0,0,0,0,0
97,2875,  КАПИТАЛ-ПОЛИС МЕДИЦИНА,Санкт-Петербург,0,0,0,0,0,0,0,0,0,0,0,0,0,0,0,0,0,0,0,0,0,0,0,0,0,0,0,0,0,0,0,0,0,0,0,0,0,0,0,0,0
98,3629,  КЛУВЕР,Саратов,120992,0,0,0,0,120992,373,373,0,0,0,120619,119378,117013,0,0,0,0,0,0,2340,25,1241,112,0,0,0,0,1129,0,0,0,0,0,0,0,0,0,0,0,0
99,507,  КОЛЫМСКАЯ,Хабаровск,519451,490727,487968,0,2759,28724,28724,16697,0,0,12027,0,0,0,0,0,0,0,0,0,0,0,0,0,0,0,0,0,0,0,0,0,0,0,0,0,0,0,0,0,0
100,1867,  КОМЕСТРА-ТОМЬ,Томск,159285,0,0,0,0,159285,58075,10430,61,0,47645,101210,97536,70374,0,0,0,441,0,0,11605,15116,3674,132,0,0,0,0,523,1894,1125,0,0,0,0,0,0,0,0,0,0
101,3993,  КОМПАНИЯ БАНКОВСКОГО СТРАХОВАН,Москва,237717,0,0,0,0,237717,0,0,0,0,0,237717,71097,0,0,0,0,0,0,0,0,71097,9637,0,0,0,0,0,0,9637,0,0,156983,0,0,0,0,0,0,0,0
102,3059,  КОМПАНИЯ ПРОМЫШЛЕННО-ТОРГОВОГО,Новокузнецк,0,0,0,0,0,0,0,0,0,0,0,0,0,0,0,0,0,0,0,0,0,0,0,0,0,0,0,0,0,0,0,0,0,0,0,0,0,0,0,0,0
103,4279,  КООПЕРАТИВНОЕ ЕДИНСТВО,Новосибирск,0,0,0,0,0,0,0,0,0,0,0,0,0,0,0,0,0,0,0,0,0,0,0,0,0,0,0,0,0,0,0,0,0,0,0,0,0,0,0,0,0
104,4296,  КООП-РЕСУРС,Вологда,0,0,0,0,0,0,0,0,0,0,0,0,0,0,0,0,0,0,0,0,0,0,0,0,0,0,0,0,0,0,0,0,0,0,0,0,0,0,0,0,0
105,4209,  КОФАС РУС СТРАХОВАЯ КОМПАНИЯ,Москва,245107,0,0,0,0,245107,0,0,0,0,0,245107,0,0,0,0,0,0,0,0,0,0,0,0,0,0,0,0,0,0,0,245107,0,0,0,0,0,0,0,0,0
106,4117,  КРЕДИТ ЕВРОПА ЛАЙФ,Москва,193192,2372,2372,0,0,190820,190820,190820,0,0,0,0,0,0,0,0,0,0,0,0,0,0,0,0,0,0,0,0,0,0,0,0,0,0,0,0,0,0,0,0,0
107,4246,  КРИСТАЛЛ,Краснодар,8488,0,0,0,0,8488,0,0,0,0,0,8488,0,0,0,0,0,0,0,0,0,0,8488,0,0,0,0,0,8488,0,0,0,0,0,0,0,0,0,0,0,0
108,3781,  КРК-СТРАХОВАНИЕ,Москва,726974,0,0,0,0,726974,132879,9178,0,0,123701,594095,586882,556599,0,89,175,2116,0,0,19183,8720,7213,1665,0,111,0,82,3862,1493,0,0,0,0,0,0,0,0,0,0,0
109,4325,  КРЫММЕДСТРАХ,Симферополь,0,0,0,0,0,0,0,0,0,0,0,0,0,0,0,0,0,0,0,0,0,0,0,0,0,0,0,0,0,0,0,0,0,0,0,0,0,0,0,0,0
110,4326,  КРЫМСКАЯ ПЕРВАЯ СТРАХОВАЯ КОМПАНИЯ,Симферополь,50298,0,0,0,0,50298,13067,2313,0,0,10754,37231,33573,19604,0,0,1375,2517,0,0,9722,355,2592,0,0,32,1387,13,0,1160,0,1066,0,0,0,0,0,0,0,0,0
111,4337,  КРЫМСКИЙ СТРАХОВОЙ АЛЬЯНС,Красноперекопск,97488,0,0,0,0,97488,16905,16080,0,0,825,80583,74244,58596,158,0,622,1182,0,0,9326,4360,5934,0,0,0,0,0,0,5518,416,258,147,0,0,0,0,0,0,0,0
112,4310,  КС СТРАХОВАНИЕ,Саранск,0,0,0,0,0,0,0,0,0,0,0,0,0,0,0,0,0,0,0,0,0,0,0,0,0,0,0,0,0,0,0,0,0,0,0,0,0,0,0,0,0
113,348,  ЛЕКСГАРАНТ,Москва,66106,0,0,0,0,66106,622,62,0,0,560,65484,17031,9331,0,0,0,0,0,0,6627,1073,2835,459,0,0,0,30,218,1946,182,0,45618,0,0,0,0,0,0,0,0
114,1675,  ЛИБЕРТИ СТРАХОВАНИЕ,Санкт-Петербург,1973613,0,0,0,0,1532391,254415,83923,0,0,170492,1277976,1247332,989226,0,0,24564,77426,0,0,55233,100883,26468,3797,0,0,9409,19,2171,10489,583,1602,2574,0,0,0,441222,435540,578,5104,0
115,1427,  МАКС,Москва,7385828,0,0,0,0,3275107,661137,516826,0,0,144311,2613970,2470418,2018324,769,0,0,51,53955,44603,186449,210870,19035,0,0,0,0,365,18670,0,0,0,124517,0,0,0,4110721,3960115,7594,143012,0
116,4013,  МАКС-ЖИЗНЬ,Москва,0,0,0,0,0,0,0,0,0,0,0,0,0,0,0,0,0,0,0,0,0,0,0,0,0,0,0,0,0,0,0,0,0,0,0,0,0,0,0,0,0
117,2226,  МАКС-М,Москва,0,0,0,0,0,0,0,0,0,0,0,0,0,0,0,0,0,0,0,0,0,0,0,0,0,0,0,0,0,0,0,0,0,0,0,0,0,0,0,0,0
118,195,  МАСКИ,Иркутск,0,0,0,0,0,0,0,0,0,0,0,0,0,0,0,0,0,0,0,0,0,0,0,0,0,0,0,0,0,0,0,0,0,0,0,0,0,0,0,0,0
119,2877,  МЕГАРУСС-Д,Москва,1443774,0,0,0,0,1107082,159486,111075,0,0,48411,947596,926111,627138,0,4983,7,31404,0,0,249841,12738,2329,351,0,91,10,0,493,952,432,0,19156,0,0,0,336692,336692,0,0,0
120,797,  МЕД-ГАРАНТ,Балашиха,225955,0,0,0,0,161395,6964,2187,0,0,4777,154431,148819,9252,0,0,0,0,130954,130954,8302,311,5516,8,0,0,0,0,0,5508,0,0,96,0,0,0,64560,64560,0,0,0
121,660,  МЕДИКА-ВОСТОК,Красноярск,0,0,0,0,0,0,0,0,0,0,0,0,0,0,0,0,0,0,0,0,0,0,0,0,0,0,0,0,0,0,0,0,0,0,0,0,0,0,0,0,0
122,1958,  МЕДИЦИНСКАЯ СТРАХОВАЯ КОМПАНИЯ СТРАЖ,Рязань,0,0,0,0,0,0,0,0,0,0,0,0,0,0,0,0,0,0,0,0,0,0,0,0,0,0,0,0,0,0,0,0,0,0,0,0,0,0,0,0,0
123,484,  МЕДСТРАХ,Москва,2305,0,0,0,0,2305,2305,0,0,0,2305,0,0,0,0,0,0,0,0,0,0,0,0,0,0,0,0,0,0,0,0,0,0,0,0,0,0,0,0,0,0
124,141,  МЕДЭКСПРЕСС,Санкт-Петербург,708439,0,0,0,0,680941,640210,12004,0,0,628206,40731,39982,35107,0,0,0,1103,0,0,1174,2598,749,469,0,0,0,0,0,280,0,0,0,0,0,0,27498,27498,0,0,0
125,3594,  МЕЖДУНАРОДНАЯ СТРАХОВАЯ ГРУППА,Москва,95954,0,0,0,0,95954,94848,82409,0,0,12439,1106,0,0,0,0,0,0,0,0,0,0,90,0,0,0,0,0,90,0,0,0,1016,0,0,0,0,0,0,0,0
126,3256,  МЕТЛАЙФ,Москва,5267162,3401354,3265020,1086340,136334,1865808,1865808,1156297,0,0,709511,0,0,0,0,0,0,0,0,0,0,0,0,0,0,0,0,0,0,0,0,0,0,0,0,0,0,0,0,0,0
127,166,  МИЛОСЕРДИЕ И БЛАГОПОЛУЧИЕ,Красногорск,0,0,0,0,0,0,0,0,0,0,0,0,0,0,0,0,0,0,0,0,0,0,0,0,0,0,0,0,0,0,0,0,0,0,0,0,0,0,0,0,0
128,4349,  МОВС,Санкт-Петербург,0,0,0,0,0,0,0,0,0,0,0,0,0,0,0,0,0,0,0,0,0,0,0,0,0,0,0,0,0,0,0,0,0,0,0,0,0,0,0,0,0
129,2950,  МОСКВА-ВОЛГА,Красногорск,0,0,0,0,0,0,0,0,0,0,0,0,0,0,0,0,0,0,0,0,0,0,0,0,0,0,0,0,0,0,0,0,0,0,0,0,0,0,0,0,0
130,2290,  МОСКОВИЯ,Москва,1610284,0,0,0,0,142973,114659,108613,0,0,6046,28314,27047,14422,0,0,0,8518,0,0,3371,736,876,213,0,0,0,0,0,663,0,0,391,0,0,0,1467311,1467311,0,0,0
131,3128,  МСК АЙАЙСИ,Москва,6536,0,0,0,0,6536,0,0,0,0,0,6536,6536,0,0,0,0,0,0,0,0,6536,0,0,0,0,0,0,0,0,0,0,0,0,0,0,0,0,0,0,0
132,413,  МСК СТРАЖ,Рязань,3950825,0,0,0,0,1127920,764959,345921,0,0,419038,362961,349957,158783,0,0,247,12386,14983,14591,26116,137442,13004,655,0,0,0,0,0,12349,0,0,0,0,0,0,2822905,2822905,0,0,0
133,2326,  МСК УРАЛСИБ,Климовск,0,0,0,0,0,0,0,0,0,0,0,0,0,0,0,0,0,0,0,0,0,0,0,0,0,0,0,0,0,0,0,0,0,0,0,0,0,0,0,0,0
134,3624,  МСК-МЕДИЦИНА,Краснодар,0,0,0,0,0,0,0,0,0,0,0,0,0,0,0,0,0,0,0,0,0,0,0,0,0,0,0,0,0,0,0,0,0,0,0,0,0,0,0,0,0
135,1447,  НАДЕЖДА,Красноярск,0,0,0,0,0,0,0,0,0,0,0,0,0,0,0,0,0,0,0,0,0,0,0,0,0,0,0,0,0,0,0,0,0,0,0,0,0,0,0,0,0
136,2182,  НАДЕЖДА,Красноярск,625793,0,0,0,0,228528,81106,38729,0,0,42377,147422,129543,106074,0,0,169,2108,0,0,7699,13493,2737,35,0,0,660,5,0,2019,18,0,15142,0,0,0,397265,397265,0,0,0
137,4192,  НАРОДНЫЕ КАССЫ,Москва,0,0,0,0,0,0,0,0,0,0,0,0,0,0,0,0,0,0,0,0,0,0,0,0,0,0,0,0,0,0,0,0,0,0,0,0,0,0,0,0,0
138,3116,  НАСКО ТАТАРСТАН,Казань,2865667,0,0,0,0,1309181,496877,429535,0,0,67342,812304,736029,199169,335,1855,2913,7648,25968,0,135016,363125,62970,202,7,137,1504,334,4770,38880,17136,0,13305,0,0,0,1556486,1503104,10922,42460,0
139,1826,  НАЦИОНАЛЬНАЯ СТРАХОВАЯ ГРУППА,Долгопрудный,418,418,418,0,0,0,0,0,0,0,0,0,0,0,0,0,0,0,0,0,0,0,0,0,0,0,0,0,0,0,0,0,0,0,0,0,0,0,0,0,0
140,3493,  НАЦИОНАЛЬНЫЕ СТРАХОВЫЕ ТРАДИЦИИ,Москва,0,0,0,0,0,0,0,0,0,0,0,0,0,0,0,0,0,0,0,0,0,0,0,0,0,0,0,0,0,0,0,0,0,0,0,0,0,0,0,0,0
141,3847,  НЕЗАВИСИМАЯ СТРАХОВАЯ ГРУППА,Москва,337,0,0,0,0,296,0,0,0,0,0,296,279,0,0,279,0,0,0,0,0,0,17,0,0,17,0,0,0,0,0,0,0,0,0,0,41,0,41,0,0
142,2917,  НИК,Ульяновск,3994,0,0,0,0,3994,1525,136,0,0,1389,2469,2464,1285,0,0,0,630,0,0,457,92,5,0,0,0,0,0,0,5,0,0,0,0,0,0,0,0,0,0,0
143,401,  НИК-ЛАЙФ,Ульяновск,0,0,0,0,0,0,0,0,0,0,0,0,0,0,0,0,0,0,0,0,0,0,0,0,0,0,0,0,0,0,0,0,0,0,0,0,0,0,0,0,0
144,4323,  НКО ОВСС,Москва,0,0,0,0,0,0,0,0,0,0,0,0,0,0,0,0,0,0,0,0,0,0,0,0,0,0,0,0,0,0,0,0,0,0,0,0,0,0,0,0,0
145,1961,  НОВЫЙ УРЕНГОЙ,Новый Уренгой,0,0,0,0,0,0,0,0,0,0,0,0,0,0,0,0,0,0,0,0,0,0,0,0,0,0,0,0,0,0,0,0,0,0,0,0,0,0,0,0,0
146,3295,  НСГ-РОСЭНЕРГО,Горно-Алтайск,3443514,0,0,0,0,518837,318950,283139,0,0,35811,199887,198750,187574,0,0,0,774,0,0,1683,8719,1137,0,0,0,0,0,36,1101,0,0,0,0,0,0,2924677,2924677,0,0,0
147,3010,  ОБЛАСТНАЯ МЕД.СТРАХ. КОМПАНИЯ,Калининград обл.,0,0,0,0,0,0,0,0,0,0,0,0,0,0,0,0,0,0,0,0,0,0,0,0,0,0,0,0,0,0,0,0,0,0,0,0,0,0,0,0,0
148,2346,  ОБЪЕДИНЕННАЯ СТРАХОВАЯ КОМПАНИЯ,Самара,2666867,0,0,0,0,1247533,70697,41955,0,0,28742,1176836,1161018,1074735,0,0,5563,6439,19,0,42893,31369,15818,4545,0,19,646,55,4629,5924,0,0,0,0,0,0,1419334,1406824,6268,6242,0
149,4314,  ОВС ЗАСТРОЙЩИКОВ,Москва,0,0,0,0,0,0,0,0,0,0,0,0,0,0,0,0,0,0,0,0,0,0,0,0,0,0,0,0,0,0,0,0,0,0,0,0,0,0,0,0,0
150,4348,  ОВС МЕД,Тюмень,0,0,0,0,0,0,0,0,0,0,0,0,0,0,0,0,0,0,0,0,0,0,0,0,0,0,0,0,0,0,0,0,0,0,0,0,0,0,0,0,0
151,4301,  ОВС НОВС,Камышин,0,0,0,0,0,0,0,0,0,0,0,0,0,0,0,0,0,0,0,0,0,0,0,0,0,0,0,0,0,0,0,0,0,0,0,0,0,0,0,0,0
152,4293,  ОЙЛЕР ГЕРМЕС РУ,Москва,220602,0,0,0,0,220602,0,0,0,0,0,220602,0,0,0,0,0,0,0,0,0,0,0,0,0,0,0,0,0,0,0,220602,0,0,0,0,0,0,0,0,0
153,3099,  ОПОРА,Москва,1075477,0,0,0,0,946018,254475,56369,0,0,198106,691543,582350,116574,0,0,0,4795,152720,115562,281793,26468,69754,270,0,0,0,253,28441,40790,0,20438,19001,0,0,0,129459,90926,1264,37269,0
154,326,  ОРБИТА,Москва,167375,0,0,0,0,167375,17322,113,0,0,17209,150053,5549,650,0,0,0,17,0,0,4736,146,144504,0,0,0,0,0,143935,569,0,0,0,0,0,0,0,0,0,0,0
155,4008,  ОСЖ РЕСО-ГАРАНТИЯ,Москва,79504,73814,73814,0,0,5690,5690,5690,0,0,0,0,0,0,0,0,0,0,0,0,0,0,0,0,0,0,0,0,0,0,0,0,0,0,0,0,0,0,0,0,0
156,3645,  ОТКРЫТИЕ СТРАХОВАНИЕ ЖИЗНИ,Москва,5329600,5329600,5327596,39239,2004,0,0,0,0,0,0,0,0,0,0,0,0,0,0,0,0,0,0,0,0,0,0,0,0,0,0,0,0,0,0,0,0,0,0,0,0
157,173,  ПАНАЦЕЯ,Ростов-на-Дону,0,0,0,0,0,0,0,0,0,0,0,0,0,0,0,0,0,0,0,0,0,0,0,0,0,0,0,0,0,0,0,0,0,0,0,0,0,0,0,0,0
158,915,  ПАРИ,Москва,2647734,0,0,0,0,2535239,559382,283169,0,0,276213,1975857,1795824,352094,68,0,1709,859905,0,0,427452,154596,123437,8586,0,37,7202,111,19064,87910,527,55,56541,0,0,0,112495,108180,2750,1565,0
159,3268,  ПАРИТЕТ-СК,Москва,337566,0,0,0,0,219756,84484,60272,0,0,24212,135272,133867,30561,0,0,391,0,0,0,102578,337,1405,109,0,0,364,0,0,932,0,0,0,0,0,0,117810,117810,0,0,0
160,2284,  ПЛАТО,Москва,146,0,0,0,0,146,146,146,0,0,0,0,0,0,0,0,0,0,0,0,0,0,0,0,0,0,0,0,0,0,0,0,0,0,0,0,0,0,0,0,0
161,3568,  ПОВОЛЖСКИЙ СТРАХОВОЙ АЛЬЯНС,Сызрань,1755228,0,0,0,0,316493,154938,150059,0,0,4879,161555,156394,129707,0,0,192,588,0,0,6015,19892,5128,250,0,0,0,0,453,4425,0,0,33,0,0,0,1438735,1438735,0,0,0
162,1111,  ПОДМОСКОВЬЕ,Подольск,1331305,0,0,0,0,489564,68451,40683,0,0,27768,421113,357504,129875,0,0,2501,53436,0,0,135264,36428,53209,41,0,0,0,43,111,53014,0,10400,0,0,0,0,841741,841741,0,0,0
163,3390,  ПОЛИС-ГАРАНТ,Москва,646819,0,0,0,0,529550,112391,3180,0,0,109211,417159,390553,350953,0,0,0,7252,0,0,15572,16776,16730,8350,0,0,0,0,3972,4408,0,0,9876,0,0,0,117269,117269,0,0,0
164,3609,  ППФ СТРАХОВАНИЕ ЖИЗНИ,Москва,2947537,2863684,2396134,0,467550,83853,83853,83853,0,0,0,0,0,0,0,0,0,0,0,0,0,0,0,0,0,0,0,0,0,0,0,0,0,0,0,0,0,0,0,0,0
165,3889,  ПРЕСТИЖ-ПОЛИС,Москва,1110,0,0,0,0,1110,905,0,0,0,905,205,205,122,0,0,0,0,0,0,83,0,0,0,0,0,0,0,0,0,0,0,0,0,0,0,0,0,0,0,0
166,3438,  ПРОМИНСТРАХ,Москва,743713,0,0,0,0,359351,129979,56883,0,0,73096,229372,182421,46594,0,3953,800,16758,0,0,105673,8643,30142,408,0,473,421,6445,11728,9748,919,13439,3370,0,0,0,384362,353522,2845,27995,0
167,2682,  ПРОФСОДРУЖЕСТВО,Москва,131,0,0,0,0,131,0,0,0,0,0,131,131,131,0,0,0,0,0,0,0,0,0,0,0,0,0,0,0,0,0,0,0,0,0,0,0,0,0,0,0
168,4179,  РАЙФФАЙЗЕН ЛАЙФ,Москва,4796455,4531697,4531697,0,0,264758,264758,150161,0,0,114597,0,0,0,0,0,0,0,0,0,0,0,0,0,0,0,0,0,0,0,0,0,0,0,0,0,0,0,0,0,0
169,72,  РЕГИОНАЛЬНАЯ СТРАХОВАЯ КОМПАНИЯ,Москва,8541707,0,0,0,0,8541707,0,0,0,0,0,8541707,90550,0,0,0,0,0,0,0,0,90550,8451157,0,0,0,0,0,0,0,8451157,0,0,0,0,0,0,0,0,0,0
170,3621,  РЕГИОНАЛЬНЫЙ СТРАХОВОЙ ЦЕНТР,Москва,183004,0,0,0,0,183004,11477,11471,0,0,6,171527,21685,3423,0,10963,0,29,0,0,2272,4998,149842,8,0,7496,0,14,0,142324,0,0,0,0,0,0,0,0,0,0,0
171,1908,  РЕГИОНГАРАНТ,Москва,198312,0,0,0,0,132899,20615,6506,0,0,14109,112284,105827,62346,0,1260,2225,5111,174,0,25839,8872,6457,319,0,0,185,0,88,5809,56,0,0,0,0,0,65413,55240,1378,8795,0
172,2733,  РЕЗЕРВ,Хабаровск,103614,0,0,0,0,103614,43945,43945,0,0,0,59669,17040,0,0,0,0,0,0,0,0,17040,6187,0,0,0,0,0,0,6187,0,0,36442,0,0,0,0,0,0,0,0
173,3972,  РЕНЕССАНС ЖИЗНЬ,Москва,19657946,17795528,17795528,10278171,0,1862418,1862418,1629584,0,0,232834,0,0,0,0,0,0,0,0,0,0,0,0,0,0,0,0,0,0,0,0,0,0,0,0,0,0,0,0,0,0
174,1209,  РЕСО-ГАРАНТИЯ,Москва,82900264,25382,25382,0,0,49418966,13061162,3004842,3603,0,10056320,36357804,34076882,27284377,33382,0,489,889128,577,0,2026927,3842002,1669288,1248461,0,9,252,56492,38460,323325,2289,111910,499724,0,0,0,33455916,33190755,179718,85443,0
175,879,  РЕСО-МЕД,Павловский Посад,0,0,0,0,0,0,0,0,0,0,0,0,0,0,0,0,0,0,0,0,0,0,0,0,0,0,0,0,0,0,0,0,0,0,0,0,0,0,0,0,0
176,3492,  РЕСПЕКТ,Рязань,6854513,0,0,0,0,6854513,384085,384085,0,0,0,6470428,648028,0,0,0,0,401422,0,0,246606,0,5822400,0,0,0,0,0,0,82837,5739563,0,0,0,0,0,0,0,0,0,0
177,473,  РИКС,Ярославль,58088,0,0,0,0,58088,1162,0,0,0,1162,56926,5509,0,0,0,0,5509,0,0,0,0,206,0,0,0,0,0,96,110,0,0,51211,0,0,0,0,0,0,0,0
178,4351,  РНПК,Москва,0,0,0,0,0,0,0,0,0,0,0,0,0,0,0,0,0,0,0,0,0,0,0,0,0,0,0,0,0,0,0,0,0,0,0,0,0,0,0,0,0
179,1,  РОСГОССТРАХ,Люберцы,81469527,0,0,0,0,46546377,6100852,3815537,0,0,2285315,40445525,38246152,19398165,247217,68230,63228,78421,484450,288585,1406716,16499725,2177587,551581,0,6001,59400,315,8455,1547258,4577,8156,13630,0,0,0,34923150,34654445,173082,95623,0
180,3984,  РОСГОССТРАХ-ЖИЗНЬ,Москва,44799933,40478203,40429794,1351954,48409,4321730,4321730,4321730,0,0,0,0,0,0,0,0,0,0,0,0,0,0,0,0,0,0,0,0,0,0,0,0,0,0,0,0,0,0,0,0,0
181,3676,  РОСГОССТРАХ-МЕДИЦИНА,Москва,0,0,0,0,0,0,0,0,0,0,0,0,0,0,0,0,0,0,0,0,0,0,0,0,0,0,0,0,0,0,0,0,0,0,0,0,0,0,0,0,0
182,3535,  РОСИНКОР РЕЗЕРВ,Дмитров,108036,0,0,0,0,108036,8169,7199,0,0,970,99867,79009,44178,0,0,632,35,0,0,33673,491,20858,842,0,0,0,0,7421,7140,5455,0,0,0,0,0,0,0,0,0,0
183,3451,  РОСМЕД,Москва,519608,0,0,0,0,519608,238709,14371,0,0,224338,280899,146159,30830,0,0,0,53185,0,0,60660,1484,82337,38,0,0,0,0,63244,1191,17864,36833,15570,0,0,0,0,0,0,0,0
184,2191,  РОСМЕДСТРАХ - К,Курск,0,0,0,0,0,0,0,0,0,0,0,0,0,0,0,0,0,0,0,0,0,0,0,0,0,0,0,0,0,0,0,0,0,0,0,0,0,0,0,0,0
185,2890,  РОСНО-МС,Москва,945,0,0,0,0,945,945,0,0,0,945,0,0,0,0,0,0,0,0,0,0,0,0,0,0,0,0,0,0,0,0,0,0,0,0,0,0,0,0,0,0
186,2947,  РСХБ-СТРАХОВАНИЕ,Москва,2093392,0,0,0,0,2093284,132900,132895,0,0,5,1960384,1912414,241549,95,0,10264,1464,830444,609367,626433,202165,46388,187,0,0,0,0,96,45992,113,1455,127,0,0,0,108,0,108,0,0
187,1999,  РУССКАЯ КОРОНА,Рязань,72935,0,0,0,0,72935,70045,68387,0,0,1658,2890,1200,0,0,0,0,329,0,0,521,350,1690,0,0,0,0,0,0,1690,0,0,0,0,0,0,0,0,0,0,0
188,3748,  РУССКИЙ СТАНДАРТ СТРАХОВАНИЕ,Москва,1981197,1213090,1213090,0,0,768107,768107,641567,0,0,126540,0,0,0,0,0,0,0,0,0,0,0,0,0,0,0,0,0,0,0,0,0,0,0,0,0,0,0,0,0,0
189,235,  РУССКОЕ ПЕРЕСТРАХОВОЧНОЕ ОБ-ВО,Москва,0,0,0,0,0,0,0,0,0,0,0,0,0,0,0,0,0,0,0,0,0,0,0,0,0,0,0,0,0,0,0,0,0,0,0,0,0,0,0,0,0
190,4202,  САКЛАУ,Казань,0,0,0,0,0,0,0,0,0,0,0,0,0,0,0,0,0,0,0,0,0,0,0,0,0,0,0,0,0,0,0,0,0,0,0,0,0,0,0,0,0
191,2873,  САХАМЕДСТРАХ,Якутск,49944,0,0,0,0,49944,49944,0,0,0,49944,0,0,0,0,0,0,0,0,0,0,0,0,0,0,0,0,0,0,0,0,0,0,0,0,0,0,0,0,0,0
192,4331,  СБЕРБАНК СТРАХОВАНИЕ,Москва,7974783,0,0,0,0,7974783,165018,62816,0,0,102202,7809765,7129469,0,0,0,0,913,292,156,312047,6816217,439275,0,0,0,0,0,0,439275,0,100583,140438,0,0,0,0,0,0,0,0
193,3692,  СБЕРБАНК СТРАХОВАНИЕ ЖИЗНИ,Москва,65483920,60522334,60522334,18601916,0,4961586,4961586,4904293,0,0,57293,0,0,0,0,0,0,0,0,0,0,0,0,0,0,0,0,0,0,0,0,0,0,0,0,0,0,0,0,0,0
194,924,  СЕЛЕКТА,Москва,312002,0,0,0,0,312002,70833,13922,0,0,56911,241169,158911,70895,0,198,54255,11758,0,0,16631,5174,82248,136,0,158,35080,0,14656,5074,27144,10,0,0,0,0,0,0,0,0,0
195,632,  СЕРВИСРЕЗЕРВ,Ковров,906649,0,0,0,0,109117,53850,53850,0,0,0,55267,52233,35120,0,0,0,24,0,0,1412,15677,3034,0,0,0,0,18,23,2993,0,0,0,0,0,0,797532,797532,0,0,0
196,2353,  СИБИРСКИЙ ДОМ СТРАХОВАНИЯ,Кемерово,709844,0,0,0,0,191783,172014,50195,0,0,121819,19769,14437,8544,0,0,0,22,0,0,1164,4707,5304,3535,0,0,0,17,0,1499,253,0,28,0,0,0,518061,505134,3383,9544,0
197,3467,  СИБИРСКИЙ СПАС,Новокузнецк,498708,0,0,0,0,252159,212358,30516,0,0,181842,39801,39263,36847,0,0,0,0,0,0,80,2336,538,1,0,0,0,0,60,477,0,0,0,0,0,0,246549,246549,0,0,0
198,3270,  СИБИРСКИЙ СПАС-МЕД,Новокузнецк,0,0,0,0,0,0,0,0,0,0,0,0,0,0,0,0,0,0,0,0,0,0,0,0,0,0,0,0,0,0,0,0,0,0,0,0,0,0,0,0,0
199,4105,  СИВ ЛАЙФ,Москва,10324018,10017732,10017732,389785,0,306286,306286,304262,0,0,2024,0,0,0,0,0,0,0,0,0,0,0,0,0,0,0,0,0,0,0,0,0,0,0,0,0,0,0,0,0,0
200,2444,  СИМАЗ-МЕД,Новосибирск,35791,0,0,0,0,35791,35791,0,0,0,35791,0,0,0,0,0,0,0,0,0,0,0,0,0,0,0,0,0,0,0,0,0,0,0,0,0,0,0,0,0,0
201,3803,  СК ДОМИНАНТА,Москва,144403,0,0,0,0,144403,26,26,0,0,0,144377,130492,0,0,0,0,0,0,0,130492,0,13885,0,0,0,0,0,3100,10785,0,0,0,0,0,0,0,0,0,0,0
202,3225,  СК ЕВРОПЛАН,Москва,1079347,0,0,0,0,1079347,0,0,0,0,0,1079347,1060106,1060106,0,0,0,0,0,0,0,0,19241,19241,0,0,0,0,0,0,0,0,0,0,0,0,0,0,0,0,0
203,3825,  СК СОГАЗ-ЖИЗНЬ,Москва,1541157,1521748,1520389,25066,1359,19409,19409,19409,0,0,0,0,0,0,0,0,0,0,0,0,0,0,0,0,0,0,0,0,0,0,0,0,0,0,0,0,0,0,0,0,0
204,4174,  СКОР П.О.,Москва,0,0,0,0,0,0,0,0,0,0,0,0,0,0,0,0,0,0,0,0,0,0,0,0,0,0,0,0,0,0,0,0,0,0,0,0,0,0,0,0,0
205,3941,  СМП-СТРАХОВАНИЕ,Москва,85967,0,0,0,0,85967,55728,7697,0,0,48031,30239,29820,8111,0,0,1485,806,0,0,13610,5808,364,15,0,0,0,0,0,349,0,0,55,0,0,0,0,0,0,0,0
206,3834,  СО ПОМОЩЬ,Санкт-Петербург,149686,0,0,0,0,149686,14264,59,0,0,14205,135422,61593,18900,0,0,0,876,0,0,40829,988,59199,2824,0,0,90,1,2,55982,300,0,14630,0,0,0,0,0,0,0,0
207,1208,  СОГАЗ,Москва,16723906,0,0,0,0,14705561,3752147,736837,0,0,3015310,10953414,9927890,1588970,29418,114348,149871,1378240,9879,0,6152816,504348,840460,27293,0,108070,32486,129399,78028,461297,3887,125401,59663,0,0,0,2018345,1624746,178463,215136,0
208,3230,  СОГАЗ-МЕД,Москва,0,0,0,0,0,0,0,0,0,0,0,0,0,0,0,0,0,0,0,0,0,0,0,0,0,0,0,0,0,0,0,0,0,0,0,0,0,0,0,0,0
209,1307,  СОГЛАСИЕ,Москва,24287643,0,0,0,0,18188719,3197473,994319,0,0,2203154,14991246,13601890,9872736,264141,23886,408086,667846,331337,299329,1616378,417480,1014821,487697,1074,15838,201227,25229,188,261128,22440,267289,107246,0,0,0,6098924,5855334,113842,129748,0
210,1741,  СОГЛАСИЕ - М,Москва,0,0,0,0,0,0,0,0,0,0,0,0,0,0,0,0,0,0,0,0,0,0,0,0,0,0,0,0,0,0,0,0,0,0,0,0,0,0,0,0,0
211,3511,  СОГЛАСИЕ-ВИТА,Москва,1924010,1905689,1905689,0,0,18321,18321,18321,0,0,0,0,0,0,0,0,0,0,0,0,0,0,0,0,0,0,0,0,0,0,0,0,0,0,0,0,0,0,0,0,0
212,1580,  СОСЬЕТЕ ЖЕНЕРАЛЬ СТРАХОВАНИЕ,Москва,813843,0,0,0,0,813843,1495,1495,0,0,0,812348,117694,17336,0,0,0,0,0,0,0,100358,6300,0,0,0,0,0,0,6300,0,0,688354,0,0,0,0,0,0,0,0
213,4079,  СОСЬЕТЕ ЖЕНЕРАЛЬ СТРАХОВАНИЕ ЖИЗНИ,Москва,3293771,2650978,2650978,2650978,0,642793,642793,642793,0,0,0,0,0,0,0,0,0,0,0,0,0,0,0,0,0,0,0,0,0,0,0,0,0,0,0,0,0,0,0,0,0
214,3528,  СПАСЕНИЕ,Казань,416768,0,0,0,0,416768,416768,0,0,0,416768,0,0,0,0,0,0,0,0,0,0,0,0,0,0,0,0,0,0,0,0,0,0,0,0,0,0,0,0,0,0
215,3300,  СПАССКИЕ ВОРОТА,Салехард,807285,0,0,0,0,792927,482861,25463,0,0,457398,310066,307304,9712,0,0,0,275770,0,0,15213,6609,2762,125,0,0,0,0,1117,1520,0,0,0,0,0,0,14358,13849,509,0,0
216,2354,  СПАССКИЕ ВОРОТА-М,Москва,56877,0,0,0,0,56877,56877,0,0,0,56877,0,0,0,0,0,0,0,0,0,0,0,0,0,0,0,0,0,0,0,0,0,0,0,0,0,0,0,0,0,0
217,3983,  СТЕРХ,Якутск,876340,0,0,0,0,350416,48865,44865,0,0,4000,301551,189600,17773,0,75938,9097,28,220,220,65983,20561,108927,131,0,95693,10494,0,987,1436,186,2375,649,0,0,0,525924,511279,3565,11080,0
218,3229,  СТРАХОВАЯ БИЗНЕС ГРУППА,Воронеж,1539481,0,0,0,0,1145803,131646,16971,0,0,114675,1014157,941177,2269,1092,218,775,22771,0,0,912202,1850,72281,1,0,89,761,0,32257,38218,955,0,699,0,0,0,393678,226621,5354,161703,0
219,574,  СТРАХОВАЯ КОМПАНИЯ ЕКАТЕРИНБУРГ,Екатеринбург,610653,0,0,0,0,610653,182188,15070,0,0,167118,428465,418478,378752,0,0,0,5084,0,0,21059,13583,8625,6492,0,0,0,0,40,1587,506,0,1362,0,0,0,0,0,0,0,0
220,4104,  СТРАХОВАЯ КОМПАНИЯ КАРДИФ,Москва,9914277,0,0,0,0,9914277,7180682,7180682,0,0,0,2733595,1167629,1017136,0,0,0,0,0,0,0,150493,6309,0,0,0,0,0,0,6309,0,0,1559657,0,0,0,0,0,0,0,0
221,2359,  СТРАХОВАЯ КОМПАНИЯ УСПЕХ,Москва,18681,0,0,0,0,18681,17155,0,0,0,17155,1526,1512,47,0,0,0,833,0,0,419,213,14,0,0,0,0,0,0,14,0,0,0,0,0,0,0,0,0,0,0
222,3969,  СТРАХОВАЯ КОМПАНИЯ ЧАББ,Москва,793853,0,0,0,0,793853,16443,16443,12448,0,0,777410,392446,0,0,0,0,138855,0,0,251608,1983,194041,0,0,0,0,0,46162,147879,0,163423,27500,0,0,0,0,0,0,0,0
223,3928,  СТРАХОВЫЕ ИНВЕСТИЦИИ,Уфа,1373,0,0,0,0,1373,1210,292,0,0,918,163,140,0,0,0,0,0,0,0,0,140,15,0,0,0,0,0,7,8,0,0,8,0,0,0,0,0,0,0,0
224,1149,  СТРИЖ,Ижевск,0,0,0,0,0,0,0,0,0,0,0,0,0,0,0,0,0,0,0,0,0,0,0,0,0,0,0,0,0,0,0,0,0,0,0,0,0,0,0,0,0
225,3857,  СТРОИТЕЛЬНАЯ СТРАХОВАЯ ГРУППА,Москва,212988,0,0,0,0,212988,29444,2350,0,0,27094,183544,17820,707,0,0,0,0,0,0,15933,1180,165173,3,0,0,0,0,130,49967,115073,0,551,0,0,0,0,0,0,0,0
226,3127,  СУРГУТНЕФТЕГАЗ,Сургут,1181263,0,0,0,0,766061,262362,151222,0,0,111140,503699,467786,328571,0,3282,766,2563,0,0,74705,57899,28811,0,0,20,646,14038,4825,9146,136,32,7070,0,0,0,415202,410075,1454,3673,0
227,1587,  ТАЛИСМАН,Казань,408166,0,0,0,0,86627,19981,19981,0,0,0,66646,65694,61360,0,0,0,0,0,0,130,4204,916,0,0,0,0,0,0,916,0,0,36,0,0,0,321539,321539,0,0,0
228,191,  ТИНЬКОФФ СТРАХОВАНИЕ,Москва,599959,0,0,0,0,595485,572721,572721,0,0,0,22764,22407,22403,0,0,0,0,0,0,0,4,121,121,0,0,0,0,0,0,0,0,236,0,0,0,4474,4474,0,0,0
229,1182,  ТИТ,Москва,544356,0,0,0,0,544356,125149,59614,0,0,65535,419207,233105,55796,0,147234,0,16434,0,0,10245,3396,174287,398,0,170218,0,0,2977,45,649,0,11815,0,0,0,0,0,0,0,0
230,1688,  ТРАНСНАЦИОНАЛЬНАЯ СК,Королев,206261,0,0,0,0,206261,184561,158464,0,0,26097,21700,21698,0,0,0,0,12640,0,0,8867,191,2,0,0,0,0,0,0,2,0,0,0,0,0,0,0,0,0,0,0
231,1522,  ТРАНССИБ РЕ,Красноярск,0,0,0,0,0,0,0,0,0,0,0,0,0,0,0,0,0,0,0,0,0,0,0,0,0,0,0,0,0,0,0,0,0,0,0,0,0,0,0,0,0
232,1623,  ТЮМЕНЬ-ПОЛИС,Тюмень,138339,0,0,0,0,138339,49479,49479,0,0,0,88860,77335,53515,0,0,0,0,0,0,501,23319,36,0,0,0,0,0,0,36,0,0,11489,0,0,0,0,0,0,0,0
233,3313,  УГМК-МЕДИЦИНА,Екатеринбург,122634,0,0,0,0,122634,122634,0,0,0,122634,0,0,0,0,0,0,0,0,0,0,0,0,0,0,0,0,0,0,0,0,0,0,0,0,0,0,0,0,0,0
234,1457,  УРАЛ-РЕЦЕПТ М,Екатеринбург,7,0,0,0,0,7,7,0,0,0,7,0,0,0,0,0,0,0,0,0,0,0,0,0,0,0,0,0,0,0,0,0,0,0,0,0,0,0,0,0,0
235,983,  УРАЛСИБ,Москва,4253597,0,0,0,0,2509563,889008,377677,0,0,511331,1620555,1547178,1040532,4351,2091,0,34506,0,0,235834,229864,58368,1433,0,0,0,1569,824,53600,942,148,14861,0,0,0,1744034,1658032,11113,74889,0
236,3987,  УРАЛСИБ ЖИЗНЬ,Москва,3227970,3222336,3217438,956733,4898,5634,5634,5634,0,0,0,0,0,0,0,0,0,0,0,0,0,0,0,0,0,0,0,0,0,0,0,0,0,0,0,0,0,0,0,0,0
237,667,  УРАЛСИБ СТРАХОВАНИЕ,Москва,9413,0,0,0,0,9413,9413,9413,0,0,0,0,0,0,0,0,0,0,0,0,0,0,0,0,0,0,0,0,0,0,0,0,0,0,0,0,0,0,0,0,0
238,161,  ФЕДЕРАЛЬНАЯ СТРАХОВАЯ КОМПАНИЯ,Москва,21717,0,0,0,0,21717,13878,110,0,0,13768,7839,0,0,0,0,0,0,0,0,0,0,7839,0,0,0,0,0,0,0,7839,0,0,0,0,0,0,0,0,0,0
239,319,  ХОСКА,Хабаровск,827031,0,0,0,0,398259,94458,57527,0,0,36931,303801,152292,57000,0,0,22919,26012,0,0,36930,9431,17508,387,0,0,4038,0,158,12526,399,0,134001,0,0,0,428772,428772,0,0,0
240,3507,  ХОУМ КРЕДИТ СТРАХОВАНИЕ,Москва,1478529,0,0,0,0,1478529,906862,906862,0,0,0,571667,481787,0,0,0,0,0,0,0,0,481787,89144,0,0,0,0,0,0,89144,0,0,736,0,0,0,0,0,0,0,0
241,3517,  ЦЕНТРАЛЬНОЕ СО,Мытищи,645342,0,0,0,0,516347,158850,130045,0,0,28805,357497,271015,32479,0,0,55585,107440,5392,5207,63094,7025,77612,248,0,8,46964,369,2024,26664,1335,19,8851,0,0,0,128995,73696,5572,49727,0
242,212,  ЦЮРИХ НАДЕЖНОЕ СТРАХОВАНИЕ,Москва,1196007,0,0,0,0,1196007,1710,1710,0,0,0,1194297,761084,32969,0,0,0,119460,0,0,608292,363,171855,4858,0,0,0,0,37060,129937,0,213754,47604,0,0,0,0,0,0,0,0
243,3998,  ЧАББ ЖИЗНЬ,Москва,841,0,0,0,0,841,841,841,0,0,0,0,0,0,0,0,0,0,0,0,0,0,0,0,0,0,0,0,0,0,0,0,0,0,0,0,0,0,0,0,0
244,2708,  ЧРЕЗВЫЧАЙНАЯ СТРАХОВАЯ КОМПАНИЯ,Москва,138960,0,0,0,0,95755,36882,36742,0,0,140,58873,3295,0,0,0,78,891,0,0,2271,55,28207,130,0,1027,1257,8623,13,17157,0,0,27371,0,0,0,43205,0,31342,11863,0
245,552,  ЧУВАШИЯ-МЕД,Чебоксары,24126,0,0,0,0,24126,24126,0,0,0,24126,0,0,0,0,0,0,0,0,0,0,0,0,0,0,0,0,0,0,0,0,0,0,0,0,0,0,0,0,0,0
246,2136,  ЧУВАШСКАЯ МСК,Новочебоксарск,11350,0,0,0,0,11350,11350,0,0,0,11350,0,0,0,0,0,0,0,0,0,0,0,0,0,0,0,0,0,0,0,0,0,0,0,0,0,0,0,0,0,0
247,1216,  ЧУЛПАН,Альметьевск,519993,0,0,0,0,224409,63654,22410,0,0,41244,160755,154310,107932,0,0,1014,22,1183,0,19664,24495,6445,290,0,0,606,267,92,5190,0,0,0,0,0,0,295584,290424,4362,798,0
248,4001,  ЧУЛПАН-ЖИЗНЬ,Альметьевск,460782,458927,457547,0,1380,1855,1855,1855,0,0,0,0,0,0,0,0,0,0,0,0,0,0,0,0,0,0,0,0,0,0,0,0,0,0,0,0,0,0,0,0,0
249,3957,  ЧУЛПАН-МЕД,Альметьевск,0,0,0,0,0,0,0,0,0,0,0,0,0,0,0,0,0,0,0,0,0,0,0,0,0,0,0,0,0,0,0,0,0,0,0,0,0,0,0,0,0
250,13,  ШАНС,Липецк,0,0,0,0,0,0,0,0,0,0,0,0,0,0,0,0,0,0,0,0,0,0,0,0,0,0,0,0,0,0,0,0,0,0,0,0,0,0,0,0,0
251,3543,  ЭКИП,Москва,108073,0,0,0,0,108073,17064,1414,0,0,15650,91009,88736,80585,0,0,299,33,0,0,4260,3559,2126,731,0,0,81,0,87,1227,0,0,147,0,0,0,0,0,0,0,0
252,2621,  ЭКОНОМСТРАХОВАНИЕ,Саратов,0,0,0,0,0,0,0,0,0,0,0,0,0,0,0,0,0,0,0,0,0,0,0,0,0,0,0,0,0,0,0,0,0,0,0,0,0,0,0,0,0
253,3815,  ЭКСПРЕСС-СТРАХОВАНИЕ,Санкт-Петербург,566,0,0,0,0,566,0,0,0,0,0,566,0,0,0,0,0,0,0,0,0,0,566,0,0,0,0,0,0,566,0,0,0,0,0,0,0,0,0,0,0
254,1834,  ЭНЕРГОГАРАНТ,Москва,8454125,0,0,0,0,6092040,1839953,439185,3183,0,1400768,4252087,3962272,2520450,1593,51,3052,340904,141696,122648,700587,253939,260245,37776,206,0,4680,23490,4858,188017,1218,13886,15684,0,0,0,2362085,2184011,69570,108504,0
255,177,  ЭРГО,Санкт-Петербург,5367779,0,0,0,0,4723734,133004,108311,0,0,24693,4590730,4189862,3922247,91,0,1780,48898,0,0,111875,104971,395874,367921,0,0,0,273,16112,11568,0,689,4305,0,0,0,644045,642715,1330,0,0
256,3879,  ЭРГО ЖИЗНЬ,Москва,2302166,668535,668535,6,0,1633631,1633631,1633631,0,0,0,0,0,0,0,0,0,0,0,0,0,0,0,0,0,0,0,0,0,0,0,0,0,0,0,0,0,0,0,0,0
257,4133,  ЭЧДИАЙ СТРАХОВАНИЕ,Москва,146382,0,0,0,0,146382,4627,4627,0,0,0,141755,50529,0,0,0,0,12293,0,0,38236,0,49403,0,0,0,0,0,47547,1806,50,21959,19864,0,0,0,0,0,0,0,0
258,3211,  ЮГОРИЯ,Ханты-Мансийск,6211658,0,0,0,0,2334556,264958,185749,0,0,79209,2069598,2041789,1743539,0,0,185,1762,6405,0,33847,256051,26198,594,0,48,1364,0,235,23957,0,204,1407,0,0,0,3877102,3872693,4409,0,0
259,4014,  ЮГОРИЯ-ЖИЗНЬ,Ханты-Мансийск,35211,32144,32144,0,0,3067,3067,3067,0,0,0,0,0,0,0,0,0,0,0,0,0,0,0,0,0,0,0,0,0,0,0,0,0,0,0,0,0,0,0,0,0
260,3204,  ЮГОРИЯ-МЕД,Ханты-Мансийск,0,0,0,0,0,0,0,0,0,0,0,0,0,0,0,0,0,0,0,0,0,0,0,0,0,0,0,0,0,0,0,0,0,0,0,0,0,0,0,0,0
261,2243,  ЮЖУРАЛ-АСКО,Челябинск,3940490,0,0,0,0,954835,125575,43907,0,0,81668,829260,819205,718286,0,0,0,3634,0,0,14524,82761,10055,1834,0,0,0,0,515,7706,0,0,0,0,0,0,2985655,2985655,0,0,0
262,92,  ЮЖУРАЛЖАСО,Челябинск,384533,0,0,0,0,153095,66370,31939,0,0,34431,86725,85078,38664,175,0,0,34118,0,0,6686,5435,1623,91,0,0,0,0,0,1532,0,0,24,0,0,0,231438,231438,0,0,0
263,1643,  ЮНИТИ РЕ,Москва,0,0,0,0,0,0,0,0,0,0,0,0,0,0,0,0,0,0,0,0,0,0,0,0,0,0,0,0,0,0,0,0,0,0,0,0,0,0,0,0,0
264,1621,  ЯКОРЬ,Москва,577314,0,0,0,0,339894,150236,34435,0,0,115801,189658,110104,15070,0,0,16806,49283,0,0,24437,4508,79553,510,0,0,1811,0,47,25365,51820,0,1,0,0,0,237420,237420,0,0,0
